10 -50.936775936472884 0.20090914459856732 0.02556556342167069
11 -9.75205974336799 0.26411414779763887 0.02959870895536186
12 -4.451945330269914 0.2930912379367462 0.03341214744948816
13 -2.666995967752889 0.3091964344084794 0.03702328196204426
14 -1.8271480546891163 0.318578725239511 0.04044888887039564
15 -1.3559458030102967 0.32395542406464095 0.04370455512705313
16 -1.0609858945848778 0.32676702622690795 0.04680449188948471
17 -0.8619867366476515 0.3278609638044398 0.04976152885452734
18 -0.7202056086201418 0.32777039510912437 0.05258719332521973
19 -0.6149125395046116 0.32684715606509696 0.05529182335024341
20 -0.5341253175362207 0.32533164877351406 0.05788468967980905
21 -0.47048860075039034 0.32339260777787715 0.060374114206943566
22 -0.4192628781585132 0.3211512272567434 0.0627675793830518
23 -0.3772727864875575 0.3186957313429518 0.06507182660485857
24 -0.34231801430989384 0.31609147264587667 0.06729294334525933
25 -0.31283143998359897 0.3133872112503587 0.06943643964958081
26 -0.28766945302298463 0.31061967600428914 0.07150731497930717
27 -0.2659797772575735 0.30781672793052184 0.0735101164910398
28 -0.24711545286479808 0.3049996104577276 0.07544898981644456
29 -0.23057763367558642 0.3021844735092261 0.07732772332755843
30 -0.21597594683216736 0.29938362531924745 0.07914978676750442
31 -0.2030007121142754 0.2966065016715142 0.08091836501853923
32 -0.1914037872998933 0.2938601637686845 0.08263638767664483
33 -0.1809839185853111 0.2911499460412408 0.0843065550087652
34 -0.17157652621677197 0.28847974205495425 0.08593136078668974
35 -0.16304560507399807 0.28585241494217106 0.08751311242020507
36 -0.15527805373820044 0.28326992860883343 0.08905394875085616
37 -0.14817901006769021 0.2807335879367827 0.09055585581529242
38 -0.14166841924650866 0.27824415117918333 0.09202068084260898
39 -0.13567823906344637 0.27580197311989924 0.09345014471225024
40 -0.13015037202930638 0.2734070507908339 0.0948458530669423
41 -0.12503486996218965 0.2710591373921506 0.0962093062478403
42 -0.1202885839608162 0.2687577896449494 0.0975419081959566
43 -0.11587407303104184 0.2665024048148795 0.09884497444422627
44 -0.11175872471924726 0.26429224396070333 0.10011973930783083
45 -0.10791395937268372 0.26212649723938225 0.10136736236607367
46 -0.10431468465458195 0.26000427058430503 0.10258893431692268
47 -0.10093873432503817 0.25792464269530724 0.1037854822748265
48 -0.09776651075178174 0.25588664128717514 0.10495797457348097
49 -0.09478058812705219 0.25388928672976224 0.1061073251274574
50 -0.09196544938828793 0.2519315810943238 0.10723439739999807
51 -0.08930722119333971 0.2500125276569172 0.10834000801849894
52 -0.0867934625113005 0.24813113829229178 0.10942493007426088
53 -0.08441300458336426 0.24628642379506832 0.11048989613875908
54 -0.08215576819988105 0.24447742013106144 0.11153560102494699
55 -0.08001265162541676 0.2427031767581904 0.1125627043188432
56 -0.07797543488128061 0.24096274380420213 0.11357183270380306
57 -0.07603662151864028 0.23925522320296264 0.11456358209738346
58 -0.0741894163313695 0.23757971865663036 0.11553851961854879
59 -0.07242762498992969 0.23593535779159722 0.11649718540101688
60 -0.07074558377864484 0.23432129798198983 0.11744009426689368
61 -0.06913811721902678 0.23273671430336262 0.1183677372732463
62 -0.06760047860627007 0.23118080828286297 0.11928058314295238
63 -0.06612831546677424 0.22965279946219455 0.12017907959001554
64 -0.06471761209547326 0.22815194298472888 0.12106365454850575